[gd_scene load_steps=2 format=3 uid="uid://cyb2l1vcms8n0"]

[ext_resource type="Script" path="res://Godot-OpenXR-Startup/OpenXR Startup/CameraRig.cs" id="1_rxfca"]

[node name="CameraRig" type="XROrigin3D"]
script = ExtResource("1_rxfca")
Camera = Object(XRCamera3D,"_import_path":NodePath(""),"unique_name_in_owner":false,"process_mode":0,"process_priority":0,"process_physics_priority":0,"process_thread_group":0,"editor_description":"","transform":Transform3D(1, 0, 0, 0, 1, 0, 0, 0, 1, 0, 1.7, 0),"rotation_edit_mode":0,"rotation_order":2,"top_level":false,"visible":true,"visibility_parent":NodePath(""),"keep_aspect":1,"cull_mask":1048575,"environment":null,"attributes":null,"h_offset":0.0,"v_offset":0.0,"doppler_tracking":0,"projection":0,"current":false,"fov":75.0,"size":1.0,"frustum_offset":Vector2(0, 0),"near":0.001,"far":4000.0,"script":null)

LeftController = Object(XRController3D,"_import_path":NodePath(""),"unique_name_in_owner":false,"process_mode":0,"process_priority":0,"process_physics_priority":0,"process_thread_group":0,"editor_description":"","transform":Transform3D(1, 0, 0, 0, 1, 0, 0, 0, 1, -0.5, 1, -0.5),"rotation_edit_mode":0,"rotation_order":2,"top_level":false,"visible":true,"visibility_parent":NodePath(""),"tracker":&"left_hand","pose":&"palm_pose","script":null)

LeftWrist = Object(Node3D,"_import_path":NodePath(""),"unique_name_in_owner":false,"process_mode":0,"process_priority":0,"process_physics_priority":0,"process_thread_group":0,"editor_description":"","transform":Transform3D(1, 0, 0, 0, 0.965926, 0.258819, 0, -0.258819, 0.965926, 0, 0.01, 0.04),"rotation_edit_mode":0,"rotation_order":2,"top_level":false,"visible":true,"visibility_parent":NodePath(""),"script":null)

RightController = Object(XRController3D,"_import_path":NodePath(""),"unique_name_in_owner":false,"process_mode":0,"process_priority":0,"process_physics_priority":0,"process_thread_group":0,"editor_description":"","transform":Transform3D(1, 0, 0, 0, 1, 0, 0, 0, 1, 0.5, 1, -0.5),"rotation_edit_mode":0,"rotation_order":2,"top_level":false,"visible":true,"visibility_parent":NodePath(""),"tracker":&"right_hand","pose":&"palm_pose","script":null)

RightWrist = Object(Node3D,"_import_path":NodePath(""),"unique_name_in_owner":false,"process_mode":0,"process_priority":0,"process_physics_priority":0,"process_thread_group":0,"editor_description":"","transform":Transform3D(1, 0, 0, 0, 0.965926, 0.258819, 0, -0.258819, 0.965926, 0, 0.01, 0.04),"rotation_edit_mode":0,"rotation_order":2,"top_level":false,"visible":true,"visibility_parent":NodePath(""),"script":null)


[node name="Camera" type="XRCamera3D" parent="."]
transform = Transform3D(1, 0, 0, 0, 1, 0, 0, 0, 1, 0, 1.7, 0)
near = 0.001

[node name="LeftHand" type="XRController3D" parent="."]
transform = Transform3D(1, 0, 0, 0, 1, 0, 0, 0, 1, -0.5, 1, -0.5)
tracker = &"left_hand"
pose = &"palm_pose"

[node name="LeftWrist" type="Node3D" parent="LeftHand"]
transform = Transform3D(1, 0, 0, 0, 0.965926, 0.258819, 0, -0.258819, 0.965926, 0, 0.01, 0.04)

[node name="RightHand" type="XRController3D" parent="."]
transform = Transform3D(1, 0, 0, 0, 1, 0, 0, 0, 1, 0.5, 1, -0.5)
tracker = &"right_hand"
pose = &"palm_pose"

[node name="RightWrist" type="Node3D" parent="RightHand"]
transform = Transform3D(1, 0, 0, 0, 0.965926, 0.258819, 0, -0.258819, 0.965926, 0, 0.01, 0.04)
